Stacks version 1.19; Genepop version 4.1.3; October 14, 2014
5_6
24_33
35_15
36_11
38_40
39_13
86_16
92_21
97_6
106_20
126_106
132_17
133_6
137_9
172_6
195_6
208_8
211_6
213_7
219_8
220_10
224_9
227_7
228_8
236_10
254_18
276_11
283_13
288_8
292_14
296_38
301_12
304_12
313_8
321_112
331_68
332_6
338_10
339_7
343_8
344_7
348_10
350_10
358_7
364_13
393_6
403_6
404_25
421_24
422_12
429_18
441_23
451_6
454_19
465_39
470_11
479_15
491_62
499_6
505_11
507_18
519_15
526_17
541_6
558_7
561_23
564_8
585_12
591_12
600_21
618_6
623_22
625_10
630_8
641_10
646_6
647_23
656_6
668_8
676_26
691_12
697_18
703_37
707_92
709_6
745_7
759_7
768_16
770_7
772_8
783_12
786_13
794_6
813_9
814_16
822_12
824_19
828_14
835_6
840_41
pop
IN_0_F,	0202	0000	0303	0101	0303	0202	0000	0000	0303	0303	0303	0000	0404	0203	0303	0202	0000	0101	0404	0000	0202	0104	0303	0404	0000	0202	0303	0303	0000	0303	0101	0202	0101	0202	0000	0000	0303	0303	0202	0303	0101	0303	0000	0303	0000	0000	0404	0202	0303	0404	0000	0202	0101	0202	0203	0202	0101	0404	0101	0303	0101	0101	0303	0204	0202	0202	0303	0202	0101	0000	0202	0202	0303	0404	0101	0303	0303	0303	0101	0303	0404	0303	0303	0303	0404	0202	0000	0202	0000	0102	0303	0202	0303	0404	0000	0303	0202	0202	0404	0303
IN_1_F,	0202	0000	0000	0101	0000	0202	0000	0000	0000	0303	0303	0000	0404	0303	0303	0202	0000	0101	0404	0000	0000	0104	0303	0404	0000	0202	0303	0303	0000	0303	0101	0202	0101	0202	0000	0000	0000	0303	0204	0303	0101	0303	0000	0303	0000	0000	0404	0202	0000	0000	0000	0202	0101	0202	0000	0000	0101	0202	0404	0303	0101	0101	0000	0204	0000	0202	0303	0204	0101	0000	0202	0202	0303	0404	0101	0303	0303	0101	0101	0303	0404	0303	0103	0303	0000	0202	0000	0202	0000	0102	0303	0202	0303	0404	0000	0101	0202	0202	0404	0303
IN_2_F,	0204	0000	0303	0101	0303	0202	0000	0000	0303	0303	0303	0000	0204	0303	0303	0202	0000	0101	0404	0000	0404	0104	0303	0404	0000	0202	0303	0303	0000	0303	0101	0202	0101	0202	0000	0000	0303	0303	0204	0303	0101	0303	0000	0000	0000	0000	0404	0202	0303	0404	0000	0202	0102	0204	0303	0202	0101	0404	0101	0303	0101	0101	0303	0202	0202	0202	0303	0000	0303	0000	0202	0202	0303	0404	0101	0103	0303	0103	0101	0303	0404	0303	0303	0303	0404	0202	0000	0000	0000	0102	0303	0202	0303	0404	0000	0101	0202	0202	0404	0303
IN_3_F,	0202	0000	0000	0103	0000	0000	0000	0000	0303	0000	0000	0000	0404	0000	0303	0202	0000	0101	0404	0000	0000	0104	0303	0404	0000	0202	0303	0303	0000	0303	0000	0000	0000	0202	0000	0000	0000	0303	0204	0303	0103	0000	0000	0000	0000	0000	0000	0202	0303	0404	0000	0202	0000	0000	0202	0000	0101	0404	0101	0303	0101	0000	0000	0204	0000	0202	0303	0202	0101	0000	0202	0202	0303	0404	0000	0101	0000	0103	0101	0303	0404	0000	0303	0303	0000	0000	0000	0202	0000	0102	0303	0202	0303	0404	0000	0101	0202	0202	0404	0303
IN_4_F,	0202	0000	0000	0000	0000	0000	0000	0000	0303	0303	0000	0000	0404	0303	0303	0202	0000	0101	0404	0000	0000	0104	0303	0404	0000	0202	0303	0303	0000	0303	0000	0000	0101	0202	0000	0000	0303	0303	0202	0303	0101	0303	0000	0303	0000	0000	0404	0202	0303	0404	0000	0202	0000	0202	0202	0000	0101	0000	0101	0303	0101	0000	0303	0204	0000	0202	0303	0202	0000	0000	0202	0000	0303	0404	0101	0000	0000	0303	0101	0303	0404	0000	0303	0303	0404	0202	0000	0000	0000	0102	0303	0202	0303	0000	0000	0103	0202	0202	0404	0303
IN_5_F,	0202	0000	0000	0101	0000	0000	0000	0000	0000	0000	0303	0000	0404	0000	0303	0202	0000	0101	0404	0000	0000	0104	0303	0404	0000	0000	0303	0303	0000	0303	0101	0000	0101	0202	0000	0000	0000	0303	0202	0303	0101	0303	0000	0303	0000	0000	0404	0202	0303	0404	0000	0202	0102	0000	0203	0202	0101	0404	0101	0303	0101	0101	0303	0404	0000	0000	0000	0000	0101	0000	0000	0202	0303	0404	0101	0000	0000	0303	0101	0303	0404	0000	0303	0303	0404	0000	0000	0202	0000	0102	0000	0202	0303	0404	0000	0303	0202	0202	0404	0000
IN_6_F,	0202	0000	0303	0101	0303	0202	0000	0000	0000	0303	0303	0000	0404	0303	0303	0202	0000	0101	0404	0000	0202	0104	0303	0404	0000	0202	0303	0303	0000	0303	0101	0202	0101	0202	0000	0000	0303	0303	0204	0303	0101	0303	0000	0303	0000	0000	0404	0202	0000	0000	0000	0202	0101	0202	0000	0202	0101	0000	0404	0303	0101	0101	0000	0204	0202	0202	0303	0204	0101	0000	0202	0202	0303	0404	0101	0303	0303	0103	0101	0303	0404	0303	0103	0303	0000	0202	0000	0202	0000	0102	0303	0202	0303	0404	0000	0101	0202	0202	0404	0303
IN_7_F,	0204	0000	0303	0101	0303	0202	0000	0000	0303	0303	0303	0000	0204	0303	0303	0202	0000	0101	0404	0000	0404	0104	0303	0404	0000	0202	0303	0303	0000	0303	0101	0202	0101	0202	0000	0000	0303	0303	0204	0303	0101	0303	0000	0303	0000	0000	0404	0202	0303	0404	0000	0202	0000	0204	0303	0202	0101	0404	0101	0303	0101	0101	0303	0202	0202	0202	0303	0000	0303	0000	0202	0202	0303	0404	0101	0103	0303	0103	0101	0303	0404	0303	0303	0303	0404	0202	0000	0000	0000	0102	0303	0202	0303	0404	0000	0101	0202	0202	0404	0303
IN_8_F,	0202	0000	0303	0103	0203	0202	0000	0000	0303	0303	0000	0000	0404	0203	0303	0202	0000	0101	0404	0000	0202	0104	0303	0404	0000	0202	0303	0303	0000	0303	0000	0202	0101	0202	0000	0000	0303	0303	0204	0303	0103	0303	0000	0303	0000	0000	0404	0202	0303	0404	0000	0202	0000	0202	0202	0202	0101	0404	0101	0303	0101	0000	0000	0204	0202	0202	0303	0202	0101	0000	0202	0202	0303	0404	0101	0103	0303	0103	0101	0303	0404	0303	0303	0303	0000	0202	0000	0202	0000	0102	0303	0202	0303	0404	0000	0101	0202	0202	0404	0303
IN_9_F,	0202	0000	0303	0000	0303	0202	0000	0000	0303	0303	0303	0000	0404	0303	0303	0202	0000	0101	0404	0000	0202	0104	0303	0404	0000	0202	0303	0303	0000	0303	0000	0202	0101	0202	0000	0000	0303	0303	0202	0303	0101	0303	0000	0303	0000	0000	0404	0202	0303	0404	0000	0202	0101	0202	0202	0202	0101	0404	0101	0303	0101	0000	0303	0204	0202	0202	0303	0202	0000	0000	0202	0000	0303	0404	0000	0303	0303	0303	0101	0303	0404	0303	0303	0303	0404	0202	0000	0000	0000	0102	0303	0202	0303	0000	0000	0103	0202	0202	0404	0303
pop
MA_1_F,	0202	0000	0303	0000	0303	0202	0000	0101	0000	0303	0000	0202	0204	0303	0303	0202	0202	0101	0404	0404	0202	0404	0303	0404	0000	0202	0303	0303	0000	0303	0000	0202	0101	0202	0000	0303	0103	0303	0202	0303	0101	0303	0000	0303	0303	0202	0404	0202	0303	0404	0000	0202	0000	0000	0202	0000	0104	0000	0101	0303	0101	0101	0303	0202	0000	0202	0103	0000	0000	0000	0202	0000	0103	0404	0101	0103	0303	0103	0101	0101	0204	0303	0303	0303	0404	0202	0000	0202	0000	0102	0303	0202	0303	0000	0000	0103	0202	0202	0404	0000
MA_2_F,	0000	0000	0303	0000	0303	0102	0000	0101	0303	0303	0202	0202	0404	0000	0000	0202	0202	0101	0404	0000	0202	0104	0303	0404	0000	0202	0303	0303	0000	0303	0000	0202	0101	0202	0000	0000	0303	0303	0204	0303	0101	0303	0000	0303	0303	0202	0404	0202	0303	0404	0000	0202	0102	0000	0202	0000	0101	0000	0101	0000	0101	0101	0303	0404	0000	0202	0103	0000	0101	0000	0202	0000	0303	0404	0000	0303	0303	0103	0101	0303	0404	0303	0303	0303	0404	0202	0000	0202	0000	0102	0303	0202	0303	0404	0000	0101	0202	0202	0404	0000
MA_4_F,	0202	0000	0303	0000	0000	0102	0000	0101	0303	0303	0000	0202	0404	0000	0303	0202	0202	0101	0404	0404	0202	0104	0303	0404	0000	0202	0303	0303	0000	0303	0000	0202	0101	0202	0000	0303	0303	0303	0202	0303	0101	0303	0000	0303	0303	0202	0404	0202	0303	0404	0000	0202	0000	0000	0000	0000	0101	0000	0101	0303	0101	0101	0303	0204	0000	0202	0103	0000	0303	0000	0202	0000	0103	0404	0101	0303	0303	0103	0101	0303	0000	0303	0303	0303	0404	0202	0000	0000	0000	0102	0303	0202	0303	0404	0000	0101	0204	0202	0404	0000
MA_5_F,	0202	0000	0303	0000	0303	0202	0000	0101	0203	0303	0303	0202	0404	0303	0303	0202	0202	0101	0404	0404	0202	0104	0303	0404	0000	0202	0303	0303	0000	0303	0000	0202	0101	0202	0000	0303	0303	0303	0204	0303	0103	0303	0000	0303	0303	0202	0404	0202	0303	0404	0000	0202	0102	0000	0202	0000	0101	0000	0101	0303	0101	0101	0303	0404	0000	0202	0103	0000	0101	0000	0202	0000	0303	0404	0101	0303	0303	0101	0101	0103	0404	0303	0303	0303	0204	0202	0000	0202	0000	0102	0303	0202	0303	0000	0000	0101	0202	0202	0404	0000
MA_6_F,	0202	0000	0303	0000	0303	0202	0000	0101	0303	0303	0303	0202	0404	0303	0303	0202	0202	0101	0404	0404	0000	0104	0303	0404	0000	0202	0303	0303	0000	0303	0000	0202	0101	0202	0000	0303	0303	0303	0202	0303	0101	0000	0000	0303	0103	0202	0404	0202	0303	0404	0000	0202	0101	0000	0202	0000	0101	0000	0101	0303	0101	0101	0303	0204	0000	0204	0303	0000	0303	0000	0202	0000	0303	0404	0101	0303	0303	0103	0101	0303	0404	0303	0303	0303	0404	0202	0000	0202	0000	0102	0303	0202	0303	0404	0000	0101	0202	0202	0404	0000
MA_7_F,	0000	0000	0303	0000	0303	0202	0000	0101	0203	0303	0303	0202	0404	0303	0303	0202	0202	0101	0404	0404	0202	0104	0303	0404	0000	0202	0303	0303	0000	0303	0000	0202	0101	0202	0000	0304	0303	0303	0404	0303	0103	0303	0000	0303	0303	0202	0404	0202	0303	0404	0000	0202	0102	0000	0202	0000	0101	0000	0101	0303	0101	0101	0000	0404	0000	0202	0103	0000	0101	0000	0202	0000	0303	0404	0101	0303	0303	0103	0101	0303	0404	0303	0303	0303	0404	0202	0000	0404	0000	0102	0303	0202	0303	0404	0000	0101	0202	0202	0404	0000
MA_8_F,	0202	0000	0303	0000	0303	0202	0000	0101	0303	0303	0303	0202	0404	0303	0303	0202	0202	0101	0404	0404	0000	0104	0303	0404	0000	0202	0303	0000	0000	0303	0000	0202	0101	0202	0000	0303	0103	0303	0204	0303	0101	0000	0000	0203	0303	0202	0404	0202	0103	0404	0000	0202	0000	0000	0202	0000	0101	0000	0101	0303	0101	0000	0303	0202	0000	0202	0103	0000	0000	0000	0202	0000	0303	0404	0000	0303	0303	0101	0101	0000	0404	0303	0303	0303	0404	0202	0000	0000	0000	0102	0303	0202	0303	0404	0000	0101	0202	0202	0404	0000
pop
ME_0_F,	0202	0303	0303	0303	0303	0202	0202	0101	0303	0303	0000	0202	0404	0303	0303	0202	0202	0101	0404	0000	0202	0104	0303	0404	0000	0202	0303	0303	0101	0303	0101	0202	0101	0202	0000	0404	0303	0000	0202	0303	0103	0303	0000	0303	0303	0204	0404	0202	0303	0404	0202	0202	0101	0202	0202	0202	0101	0000	0101	0303	0101	0101	0303	0404	0000	0202	0303	0202	0303	0000	0202	0202	0303	0404	0000	0303	0303	0303	0101	0303	0404	0303	0303	0303	0404	0202	0000	0000	0000	0102	0303	0202	0303	0000	0000	0101	0202	0202	0404	0000
ME_1_F,	0000	0303	0303	0101	0303	0202	0202	0101	0303	0303	0000	0202	0404	0303	0303	0202	0202	0101	0404	0000	0202	0104	0303	0404	0303	0202	0303	0303	0101	0303	0101	0202	0101	0202	0404	0304	0303	0303	0204	0103	0103	0303	0000	0303	0303	0202	0404	0202	0303	0404	0000	0202	0000	0202	0202	0202	0101	0000	0101	0303	0101	0000	0303	0204	0000	0202	0103	0202	0101	0000	0202	0202	0303	0404	0101	0303	0303	0103	0101	0000	0204	0303	0303	0303	0404	0202	0000	0202	0303	0102	0303	0202	0303	0404	0202	0101	0202	0202	0404	0000
ME_2_F,	0202	0000	0303	0101	0000	0202	0202	0101	0303	0303	0000	0202	0404	0303	0101	0202	0202	0101	0404	0000	0202	0104	0303	0404	0000	0202	0303	0303	0101	0303	0000	0202	0101	0202	0404	0000	0303	0303	0204	0303	0101	0303	0000	0303	0303	0000	0404	0202	0303	0404	0000	0202	0000	0000	0202	0202	0101	0000	0101	0303	0101	0101	0303	0202	0000	0202	0303	0202	0303	0000	0202	0000	0303	0404	0101	0303	0303	0103	0101	0000	0404	0303	0103	0303	0404	0202	0000	0202	0000	0102	0303	0202	0303	0000	0000	0101	0202	0202	0404	0000
ME_3_F,	0202	0101	0303	0101	0303	0202	0404	0101	0303	0303	0000	0202	0404	0303	0000	0202	0202	0101	0404	0000	0202	0104	0303	0404	0303	0202	0303	0303	0101	0000	0303	0202	0101	0202	0404	0303	0303	0000	0404	0303	0101	0303	0000	0303	0303	0202	0404	0202	0303	0404	0202	0202	0101	0202	0202	0202	0101	0000	0101	0303	0101	0101	0303	0204	0000	0202	0303	0202	0101	0000	0202	0204	0103	0404	0000	0303	0303	0303	0101	0000	0404	0303	0303	0303	0404	0202	0000	0202	0303	0102	0303	0202	0303	0404	0202	0101	0202	0202	0404	0000
ME_4_F,	0202	0303	0303	0103	0303	0202	0202	0101	0303	0303	0000	0202	0404	0000	0303	0202	0202	0101	0404	0000	0202	0104	0303	0404	0303	0202	0303	0303	0101	0303	0303	0202	0104	0202	0404	0000	0303	0303	0202	0303	0103	0303	0000	0303	0303	0000	0404	0202	0303	0404	0202	0202	0000	0202	0202	0202	0101	0000	0101	0303	0101	0101	0303	0202	0000	0202	0303	0202	0101	0000	0202	0202	0303	0404	0000	0303	0303	0303	0101	0303	0404	0303	0303	0303	0404	0202	0000	0202	0103	0102	0303	0202	0303	0000	0000	0101	0202	0202	0404	0000
ME_5_F,	0202	0303	0303	0101	0303	0202	0202	0101	0303	0303	0000	0202	0404	0303	0000	0202	0202	0101	0404	0000	0202	0104	0303	0404	0303	0202	0303	0303	0101	0303	0000	0202	0101	0202	0404	0000	0303	0303	0204	0303	0101	0303	0000	0303	0303	0204	0404	0202	0303	0404	0202	0202	0000	0204	0202	0202	0101	0000	0101	0303	0101	0101	0303	0404	0000	0202	0303	0202	0103	0000	0202	0202	0303	0404	0101	0303	0303	0303	0101	0303	0404	0303	0303	0303	0204	0204	0000	0202	0000	0102	0303	0202	0303	0404	0202	0103	0202	0202	0404	0000
ME_6_F,	0204	0101	0303	0000	0303	0202	0202	0101	0303	0303	0000	0202	0404	0303	0303	0202	0202	0101	0404	0000	0202	0104	0303	0404	0303	0202	0303	0303	0101	0000	0101	0203	0101	0202	0404	0303	0303	0000	0000	0303	0303	0303	0000	0303	0303	0000	0404	0202	0303	0404	0000	0202	0000	0202	0202	0202	0101	0000	0101	0303	0101	0101	0303	0202	0000	0202	0303	0000	0101	0000	0102	0202	0303	0404	0101	0303	0303	0303	0101	0303	0204	0303	0303	0303	0404	0202	0000	0202	0303	0102	0303	0202	0303	0404	0202	0101	0202	0202	0404	0000
ME_7_F,	0202	0303	0303	0000	0303	0202	0202	0101	0202	0303	0000	0000	0404	0202	0303	0202	0202	0101	0404	0000	0202	0104	0303	0404	0000	0202	0303	0303	0101	0303	0000	0202	0101	0202	0404	0303	0303	0303	0202	0303	0103	0303	0000	0303	0303	0202	0404	0202	0303	0404	0202	0202	0000	0204	0202	0202	0101	0000	0101	0303	0101	0101	0303	0404	0000	0204	0303	0202	0000	0000	0202	0000	0303	0304	0101	0303	0303	0303	0101	0303	0404	0303	0303	0303	0404	0202	0000	0000	0303	0102	0303	0202	0303	0404	0202	0101	0202	0202	0404	0000
ME_8_F,	0000	0000	0303	0000	0303	0202	0202	0101	0202	0303	0000	0202	0204	0303	0303	0202	0202	0101	0404	0000	0202	0104	0303	0404	0303	0202	0303	0303	0101	0303	0101	0202	0101	0202	0404	0404	0000	0303	0204	0303	0101	0303	0000	0000	0303	0202	0404	0202	0000	0000	0202	0202	0000	0202	0202	0202	0101	0000	0101	0303	0101	0101	0303	0202	0000	0202	0101	0202	0101	0000	0202	0000	0303	0404	0000	0303	0303	0303	0101	0000	0404	0303	0103	0303	0404	0202	0000	0404	0303	0102	0303	0202	0303	0204	0202	0101	0202	0202	0404	0000
ME_9_F,	0202	0303	0303	0000	0000	0202	0202	0101	0000	0303	0000	0202	0204	0303	0303	0202	0202	0101	0404	0000	0000	0104	0303	0404	0000	0202	0000	0303	0101	0303	0000	0202	0101	0202	0000	0000	0303	0303	0204	0303	0101	0303	0000	0000	0303	0000	0404	0202	0303	0404	0000	0202	0101	0202	0202	0202	0101	0000	0101	0303	0101	0101	0303	0204	0000	0202	0303	0204	0101	0000	0202	0204	0103	0404	0101	0303	0303	0103	0101	0303	0404	0103	0303	0303	0404	0202	0000	0000	0000	0102	0303	0202	0303	0404	0202	0101	0202	0202	0404	0000
pop
NC_1_F,	0202	0303	0103	0000	0303	0202	0000	0101	0303	0303	0303	0202	0000	0303	0000	0202	0202	0101	0404	0304	0202	0104	0103	0404	0000	0202	0303	0303	0104	0000	0000	0203	0101	0202	0000	0000	0000	0303	0204	0303	0303	0303	0303	0000	0303	0000	0404	0202	0000	0000	0000	0202	0000	0000	0000	0000	0101	0000	0000	0303	0101	0000	0000	0202	0000	0202	0303	0000	0000	0000	0000	0000	0303	0000	0101	0103	0303	0303	0303	0000	0204	0303	0103	0303	0404	0000	0404	0000	0303	0102	0303	0202	0303	0404	0202	0101	0202	0202	0404	0000
NC_2_F,	0202	0000	0303	0000	0303	0202	0000	0101	0303	0303	0303	0202	0000	0000	0303	0202	0202	0101	0404	0404	0202	0104	0303	0404	0000	0202	0303	0303	0000	0000	0000	0202	0101	0202	0000	0000	0000	0303	0204	0303	0303	0303	0000	0303	0303	0000	0404	0202	0000	0000	0000	0202	0000	0000	0000	0000	0101	0000	0000	0000	0101	0000	0000	0202	0000	0202	0303	0000	0000	0000	0000	0000	0303	0000	0102	0303	0303	0303	0303	0000	0404	0303	0303	0303	0404	0000	0000	0000	0303	0102	0303	0202	0303	0000	0000	0101	0202	0202	0404	0000
NC_4_F,	0202	0303	0103	0000	0303	0202	0000	0101	0303	0303	0303	0202	0000	0303	0000	0202	0202	0103	0404	0404	0202	0104	0303	0404	0000	0202	0303	0303	0101	0000	0000	0202	0101	0202	0000	0000	0000	0101	0202	0303	0303	0303	0000	0303	0303	0000	0404	0202	0000	0000	0000	0202	0000	0000	0000	0000	0101	0000	0000	0202	0101	0000	0000	0202	0000	0202	0103	0000	0000	0000	0000	0000	0303	0000	0101	0303	0303	0101	0000	0000	0404	0303	0303	0303	0404	0000	0404	0000	0303	0102	0303	0202	0303	0000	0000	0101	0202	0202	0404	0000
NC_5_F,	0202	0101	0000	0000	0303	0202	0000	0000	0303	0303	0303	0202	0000	0303	0303	0202	0202	0101	0404	0404	0202	0104	0103	0404	0000	0202	0303	0303	0000	0000	0000	0202	0000	0202	0000	0000	0000	0303	0202	0303	0303	0303	0303	0000	0303	0000	0404	0202	0000	0000	0000	0202	0000	0000	0000	0000	0101	0000	0000	0303	0101	0000	0000	0202	0000	0202	0303	0000	0000	0000	0000	0000	0303	0000	0101	0303	0303	0000	0303	0000	0404	0303	0303	0303	0404	0000	0404	0000	0303	0102	0303	0202	0303	0404	0202	0101	0202	0000	0404	0000
NC_6_F,	0202	0303	0103	0000	0303	0202	0000	0101	0303	0303	0303	0202	0000	0303	0101	0202	0202	0101	0404	0304	0202	0104	0101	0404	0000	0202	0303	0303	0101	0000	0000	0202	0101	0202	0000	0000	0000	0303	0202	0303	0303	0103	0303	0303	0303	0000	0000	0202	0000	0000	0000	0202	0000	0000	0000	0000	0101	0000	0000	0303	0101	0000	0000	0202	0000	0202	0103	0000	0000	0000	0000	0000	0303	0000	0101	0303	0303	0103	0303	0000	0204	0303	0303	0303	0404	0000	0202	0000	0303	0102	0303	0202	0303	0404	0202	0101	0202	0202	0404	0000
pop
NH_0_F,	0000	0000	0000	0101	0303	0202	0000	0101	0303	0303	0303	0000	0204	0303	0000	0202	0202	0101	0404	0000	0000	0104	0303	0404	0000	0202	0303	0303	0101	0202	0000	0202	0101	0202	0404	0000	0303	0303	0204	0303	0103	0303	0000	0000	0000	0202	0404	0202	0000	0000	0000	0202	0000	0202	0202	0202	0101	0000	0101	0303	0101	0101	0303	0404	0000	0202	0103	0000	0101	0000	0202	0202	0303	0404	0101	0303	0303	0303	0101	0103	0404	0303	0303	0303	0404	0202	0000	0000	0103	0102	0303	0000	0303	0404	0202	0101	0202	0202	0404	0000
NH_1_F,	0202	0000	0303	0101	0303	0000	0404	0000	0303	0303	0303	0000	0404	0303	0303	0202	0000	0101	0404	0000	0000	0104	0303	0404	0000	0202	0303	0303	0101	0303	0000	0000	0101	0202	0404	0000	0000	0303	0204	0303	0101	0000	0000	0303	0000	0202	0404	0202	0303	0404	0000	0202	0102	0202	0202	0202	0101	0000	0101	0303	0101	0101	0303	0204	0000	0000	0303	0000	0101	0000	0202	0000	0303	0404	0101	0103	0303	0101	0101	0303	0404	0303	0303	0000	0404	0202	0000	0000	0101	0102	0303	0202	0303	0404	0202	0101	0202	0202	0404	0000
NH_2_F,	0202	0000	0000	0101	0000	0000	0202	0000	0303	0000	0303	0000	0404	0000	0303	0202	0000	0101	0304	0000	0000	0104	0303	0404	0000	0000	0101	0303	0000	0303	0000	0000	0000	0202	0000	0000	0000	0303	0204	0303	0101	0000	0000	0303	0000	0202	0404	0202	0303	0000	0000	0202	0101	0000	0202	0000	0101	0000	0101	0303	0101	0000	0303	0404	0000	0000	0303	0000	0101	0000	0202	0202	0303	0404	0101	0000	0000	0101	0101	0303	0404	0000	0303	0303	0404	0000	0000	0000	0000	0102	0000	0202	0303	0404	0000	0101	0202	0202	0404	0000
NH_3_F,	0202	0000	0303	0101	0303	0202	0202	0101	0303	0303	0303	0000	0404	0203	0303	0202	0204	0101	0404	0000	0000	0404	0303	0404	0000	0202	0303	0303	0101	0303	0000	0202	0101	0202	0404	0000	0303	0303	0204	0303	0103	0303	0000	0303	0000	0202	0404	0202	0303	0303	0000	0202	0102	0202	0202	0202	0101	0000	0101	0303	0101	0101	0303	0404	0000	0202	0303	0000	0303	0000	0202	0202	0303	0404	0101	0303	0303	0103	0101	0303	0404	0000	0303	0303	0404	0202	0000	0000	0303	0102	0303	0202	0303	0404	0202	0101	0202	0202	0404	0000
NH_4_F,	0202	0000	0303	0101	0303	0202	0202	0000	0303	0303	0000	0000	0404	0303	0000	0202	0000	0101	0404	0000	0000	0104	0303	0404	0000	0202	0303	0303	0101	0303	0000	0202	0101	0202	0404	0000	0103	0303	0202	0303	0303	0303	0000	0303	0000	0000	0404	0202	0303	0304	0000	0202	0101	0202	0202	0202	0101	0000	0101	0303	0101	0000	0303	0404	0000	0202	0303	0000	0303	0000	0202	0202	0303	0404	0101	0303	0303	0303	0101	0303	0404	0303	0303	0000	0404	0202	0000	0000	0000	0102	0303	0202	0303	0404	0202	0101	0202	0202	0404	0000
NH_5_F,	0202	0000	0303	0103	0000	0202	0202	0101	0303	0303	0303	0000	0404	0303	0303	0202	0202	0101	0404	0000	0000	0104	0303	0404	0000	0202	0303	0303	0101	0303	0000	0202	0101	0202	0404	0000	0303	0303	0202	0303	0101	0303	0000	0303	0000	0202	0404	0202	0303	0304	0000	0202	0101	0202	0202	0202	0101	0000	0101	0303	0101	0101	0303	0204	0000	0202	0303	0000	0303	0000	0202	0202	0303	0404	0101	0103	0303	0303	0101	0103	0404	0303	0303	0303	0404	0202	0000	0000	0303	0102	0303	0202	0303	0404	0000	0000	0202	0202	0404	0000
NH_6_F,	0202	0000	0000	0101	0000	0000	0404	0000	0000	0303	0000	0000	0404	0303	0303	0202	0202	0101	0404	0000	0000	0104	0303	0404	0000	0202	0303	0303	0000	0303	0000	0202	0101	0202	0000	0000	0303	0303	0000	0303	0103	0303	0000	0303	0000	0000	0404	0202	0303	0404	0000	0202	0102	0202	0202	0000	0101	0000	0101	0303	0101	0404	0303	0204	0000	0202	0303	0000	0303	0000	0202	0202	0303	0404	0101	0303	0303	0103	0101	0303	0404	0000	0303	0303	0204	0000	0000	0000	0101	0102	0303	0202	0303	0404	0202	0101	0202	0202	0404	0000
NH_7_F,	0204	0000	0303	0000	0303	0202	0202	0101	0303	0303	0303	0000	0404	0303	0303	0202	0202	0101	0404	0000	0000	0104	0303	0404	0000	0202	0303	0303	0101	0303	0000	0202	0101	0202	0404	0000	0303	0303	0404	0303	0303	0303	0000	0303	0000	0000	0404	0202	0303	0404	0000	0202	0102	0000	0000	0202	0101	0000	0101	0303	0101	0101	0303	0202	0000	0202	0303	0000	0303	0000	0202	0202	0303	0404	0101	0101	0000	0303	0101	0303	0404	0303	0303	0303	0404	0202	0000	0000	0303	0102	0303	0202	0303	0404	0404	0101	0202	0202	0404	0000
NH_8_F,	0202	0000	0000	0101	0303	0000	0202	0101	0303	0303	0202	0000	0404	0000	0303	0202	0000	0101	0404	0000	0000	0404	0303	0404	0000	0202	0303	0303	0101	0303	0000	0202	0101	0202	0404	0000	0303	0303	0204	0303	0103	0303	0000	0303	0000	0000	0104	0202	0303	0404	0000	0202	0000	0204	0202	0202	0101	0000	0101	0303	0101	0101	0303	0404	0000	0202	0303	0000	0101	0000	0202	0000	0303	0404	0000	0101	0303	0303	0101	0303	0404	0000	0103	0000	0404	0404	0000	0000	0303	0102	0303	0202	0303	0404	0000	0101	0202	0202	0404	0000
NH_9_F,	0202	0000	0103	0000	0303	0202	0000	0101	0303	0303	0303	0000	0404	0303	0303	0202	0202	0101	0404	0000	0000	0104	0303	0404	0000	0202	0303	0303	0101	0303	0000	0202	0101	0202	0000	0000	0303	0303	0204	0303	0103	0303	0000	0000	0000	0202	0404	0202	0303	0404	0000	0202	0102	0202	0202	0202	0101	0000	0101	0303	0101	0101	0303	0202	0000	0202	0303	0000	0000	0000	0202	0000	0303	0404	0101	0103	0303	0103	0101	0303	0404	0303	0303	0303	0404	0202	0000	0000	0000	0102	0303	0204	0303	0404	0202	0101	0202	0202	0404	0000 